0 377151
1 259119
2 258390
3 259249
4 200156
5 229284
6 223863
7 176763
8 98592.4
9 89303.5
10 82474.7
11 76953.6
12 71808.8
13 67328.5
14 62863.1
15 59182.9
16 55128.1
17 110481
18 158018
19 147065
20 141599
21 109599
22 46356.1
23 41327
24 37197.3
25 32535
26 30587.3
27 27612.6
28 25609
29 24217.5
30 22014.2
31 20430.9
32 17419.7
33 16799.5
34 14982.2
35 13229.7
36 13132.6
37 11124.4
38 10689.6
39 9691.77
40 8976.13
41 9306.78
42 8297.11
43 7733.8
44 7131.98
45 6766.81
46 6419.9
47 6211.55
48 5820.7
49 5644.01
50 5366.23
51 4963.63
52 4893.92
53 4675.55
54 4509.17
55 4461.56
56 4239.62
57 4035.38
58 4034.63
59 3803.15
60 3670.75
61 3591.33
62 3416.28
63 3296.41
64 3318.19
65 3229.9
66 3111.42
67 2974.39
68 3043.05
69 2872.05
70 2835.51
71 2795.36
72 2754.74
73 2731.97
74 2601.13
75 2577.58
76 2446.51
77 2530.09
78 2382.78
79 2454.82
80 2308.3
81 2240.93
82 2241.35
83 2207.36
84 2152.36
85 2153.91
86 2103.57
87 2079.8
88 2098.98
89 1996.37
90 1961.61
91 1960.71
92 1941.32
93 1899.92
94 1794.83
95 1801.73
96 1852.87
97 1756.77
98 1727.96
99 1685.76
100 1741.82
101 1724.31
102 1670.39
103 1705.06
104 1579.52
105 1584.98
106 1565.23
107 1571.89
108 1534.3
109 1494.75
110 1496.49
111 1480.05
112 1539.96
113 1448.02
114 1452.8
115 1462.27
116 1432.97
117 1393.48
118 1368.86
119 1369.71
120 1336.8
121 1359.71
122 1356.4
123 1328.39
124 1257.04
125 1273.68
126 1272.98
127 1286.81
128 1269.7
129 1238.86
130 1285.56
131 1218.79
132 1225.55
133 1196.6
134 1171.96
135 1150.06
136 1210.86
137 1165.76
138 1159.33
139 1117.35
140 1132.86
141 1127.98
142 1088.53
143 1102.72
144 1129.57
145 1084.51
146 1075.22
147 1064.1
148 1045.54
149 1028.97
150 1011.55
151 1014.47
152 1012.17
153 1032.93
154 1050.8
155 997.076
156 976.683
157 1008.12
158 1029.89
159 1028.98
160 981.874
161 979.883
162 983.028
163 924.292
164 974.644
165 934.787
166 947.273
167 947.23
168 928.894
169 949.721
170 948.857
171 891.672
172 901.68
173 896.227
174 871.859
175 875.392
176 882.15
177 847.712
178 846.158
179 860.08
180 843.936
181 878.237
182 851.003
183 845.025
184 864.68
185 820.523
186 817.656
187 814.625
188 815.948
189 838.358
190 799.181
191 813.612
192 835.921
193 793.676
194 815.624
195 816.54
196 781.637
197 744.571
198 793.996
199 781.797
200 774.248
201 779.498
202 742.024
203 759.595
204 764.854
205 770.671
206 753.112
207 726.608
208 776.756
209 757.722
210 755.485
211 766.034
212 748.58
213 733.712
214 730.196
215 738.656
216 730.213
217 756.206
218 704.522
219 714.672
220 701.202
221 727.16
222 692.208
223 729.05
224 678.637
225 722.271
226 704.122
227 680.095
228 721.837
229 678.299
230 654.944
231 677.228
232 677.898
233 638.68
234 652.349
235 668.629
236 661.89
237 671.913
238 655.652
239 671.033
240 616.532
241 667.17
242 646.003
243 653.231
244 644.234
245 640.808
246 614.514
247 634.018
248 632.679
249 631.212
250 632.812
251 614.807
252 634.244
253 616.754
254 616.523
255 603.281
256 613.492
257 614.644
258 606.914
259 611.481
260 641.449
261 612.233
262 620.295
263 595.76
264 585.121
265 583.201
266 607.486
267 605.968
268 567.602
269 595
270 593.821
271 580.828
272 578.435
273 591.115
274 571.709
275 582.535
276 597.433
277 561.5
278 575.155
279 598.044
280 548.337
281 583.781
282 559.925
283 583.871
284 555.714
285 549.03
286 543.66
287 548.07
288 534.107
289 540.911
290 549.732
291 559.182
292 556.453
293 538.859
294 553.794
295 542.863
296 509.466
297 530.8
298 526.547
299 579.678
300 546.762
301 543.932
302 538.949
303 527.652
304 534.64
305 540.018
306 515.623
307 552.25
308 517.62
309 510.256
310 509.428
311 536.035
312 488.435
313 513.692
314 494.199
315 522.996
316 534.79
317 520.522
318 501.757
319 504.225
320 502.328
321 494.476
322 490.185
323 511.925
324 520.233
325 515.68
326 519.48
327 502.836
328 505.369
329 505.636
330 521.204
331 485.491
332 482.087
333 472.17
334 492.713
335 478.662
336 475.538
337 510.805
338 469.071
339 483.893
340 499.465
341 494.064
342 474.63
343 464.762
344 473.526
345 485.54
346 485.541
347 470.752
348 459.272
349 472.203
350 473.132
351 466.847
352 441.389
353 476.936
354 451.859
355 463.862
356 475.675
357 458.614
358 438.283
359 482.462
360 439.925
361 462.98
362 452.868
363 449.77
364 488.337
365 452.662
366 459.586
367 449.341
368 427.572
369 453.749
370 490.012
371 436.947
372 444.433
373 464.764
374 445.475
375 438.713
376 448.334
377 439.181
378 432.29
379 459.202
380 428.267
381 422.255
382 434.588
383 460.62
384 439.911
385 425.467
386 456.551
387 430.923
388 420.515
389 439.947
390 445.455
391 454.601
392 443.975
393 443.083
394 402.389
395 424.562
396 418.993
397 421.36
398 428.771
399 436.657
400 422.524
401 441.673
402 416.64
403 405.444
404 414.98
405 396.36
406 401.83
407 399.754
408 424.854
409 438.633
410 421.816
411 411.248
412 407.913
413 414.805
414 392.838
415 390.632
416 403.445
417 392.87
418 392.246
419 416.754
420 404.36
421 408.939
422 398.252
423 398.933
424 399.899
425 414.594
426 398.776
427 378.132
428 402.764
429 399.174
430 362.625
431 412.147
432 399.394
433 385.567
434 388.724
435 398.133
436 359.103
437 416.49
438 369.541
439 381.762
440 377.051
441 404.753
442 384.752
443 406.992
444 391.319
445 370.646
446 375.492
447 381.809
448 380.956
449 385.077
450 384.278
451 353.941
452 375.537
453 387.08
454 383.965
455 385.261
456 384.521
457 383.885
458 374.265
459 412.015
460 360.684
461 364.002
462 360.978
463 386.797
464 377.729
465 364.555
466 358.253
467 369.999
468 358.42
469 392.327
470 374.571
471 373.939
472 380.772
473 376.102
474 364.438
475 353.315
476 356.49
477 364.763
478 359.259
479 373.332
480 391.529
481 365.699
482 359.044
483 347.074
484 380.251
485 358.462
486 349.033
487 399.853
488 360.886
489 339.133
490 359.357
491 350.608
492 369.424
493 354.406
494 353.696
495 337.879
496 345.121
497 352.501
498 368.361
499 355.105
500 355.451
501 375.21
502 368.383
503 359.333
504 341.595
505 340.312
506 363.418
507 359.201
508 318.71
509 337.571
510 330.813
511 352.899
512 351.762
513 358.638
514 370.639
515 355.495
516 344.831
517 350.388
518 331.206
519 336.996
520 314.792
521 338.469
522 340.549
523 345.465
524 361.505
525 336.352
526 350.784
527 346.551
528 337.675
529 349.391
530 327.453
531 336.755
532 315.467
533 347.447
534 342.045
535 340.651
536 313.907
537 330.366
538 336.852
539 321.947
540 334.944
541 328.848
542 336.042
543 338.156
544 337.705
545 332.631
546 325.883
547 327.18
548 331.009
549 353.684
550 348.36
551 320.754
552 319.919
553 314.528
554 327.245
555 320.123
556 314.849
557 323.637
558 322.009
559 318.694
560 330.274
561 330.143
562 340.182
563 337.042
564 348.148
565 324.579
566 327.774
567 320.545
568 321.197
569 328.512
570 338.525
571 326.275
572 329.628
573 304.688
574 307.415
575 320.967
576 342.855
577 311.414
578 317.338
579 318.245
580 327.039
581 342.764
582 324.288
583 305.717
584 308.16
585 321.572
586 327.285
587 292.468
588 309.349
589 314.351
590 312.458
591 318.198
592 317.693
593 325.938
594 328.138
595 305.45
596 307.758
597 297.17
598 294.94
599 315.144
600 324.799
601 312.683
602 318.012
603 307.497
604 317.044
605 319.298
606 316.167
607 304.963
608 319.365
609 310.246
610 306.894
611 299.626
612 312.045
613 320.257
614 314.346
615 299.184
616 311.253
617 312.02
618 311.652
619 314.117
620 300.405
621 306.493
622 302.296
623 299.075
624 312.406
625 301.946
626 297.046
627 310.34
628 294.386
629 288.767
630 294.365
631 303.648
632 291.161
633 289.713
634 293.65
635 303.573
636 317.312
637 305.027
638 305.565
639 293.997
640 312.182
641 281.874
642 294.783
643 314.793
644 299.052
645 284.992
646 297.642
647 302.28
648 287.251
649 293.508
650 286.027
651 317.401
652 300.594
653 293.99
654 295.174
655 283.353
656 290.398
657 288.418
658 289.353
659 285.935
660 290.976
661 294.061
662 309.714
663 297.984
664 291.33
665 287.956
666 285.093
667 284.356
668 294.246
669 279.406
670 293.049
671 293.614
672 284.535
673 301.086
674 281.124
675 284.958
676 288.482
677 274.151
678 288.144
679 273.946
680 294.352
681 286.622
682 293.139
683 292.234
684 277.008
685 280.597
686 293.087
687 276.263
688 267.886
689 261.504
690 280.227
691 283.613
692 283.605
693 301.425
694 289.557
695 275.779
696 291.019
697 275.354
698 279.008
699 292.014
700 270.285
701 275.24
702 278.4
703 291.917
704 283.55
705 288.549
706 262.124
707 278.702
708 295.049
709 287.649
710 270.755
711 266.476
712 261.47
713 284.374
714 263.492
715 286.161
716 272.674
717 277.123
718 282.75
719 277.193
720 271.06
721 282.077
722 283.976
723 270.902
724 278.583
725 282.853
726 273.386
727 268.127
728 276.69
729 276.239
730 278.579
731 276.099
732 264.423
733 272.245
734 278.408
735 282.381
736 257.687
737 278.381
738 290.183
739 281.426
740 259.173
741 269.084
742 265.55
743 257.531
744 251.302
745 268.336
746 275.084
747 281.668
748 263.355
749 270.107
750 275.523
751 278.594
752 255.646
753 264.168
754 256.049
755 254.377
756 279.834
757 259.008
758 270.915
759 272.024
760 261.245
761 264.166
762 280.197
763 277.957
764 279.101
765 279.175
766 258.286
767 265.849
768 262.194
769 261.349
770 249.865
771 263.156
772 251.232
773 263.28
774 269.517
775 271.894
776 270.142
777 245.017
778 252.923
779 255.45
780 263.789
781 270.612
782 286.044
783 274.019
784 257.605
785 270.414
786 269.751
787 259.657
788 263.603
789 252.437
790 253.195
791 267.642
792 267.338
793 247.34
794 243.739
795 259.388
796 257.305
797 263.621
798 267.056
799 238.911
800 255.912
801 266.263
802 251.553
803 252.598
804 252.991
805 245.36
806 256.286
807 257.564
808 251.765
809 260.064
810 252.216
811 271.547
812 256.845
813 242.09
814 274.265
815 240.479
816 248.025
817 254.433
818 252.428
819 265.72
820 255.8
821 266.99
822 266.311
823 259.076
824 256.011
825 245.192
826 253.743
827 240.495
828 269.436
829 226.836
830 239.967
831 243.174
832 261.89
833 243.804
834 246.354
835 239.322
836 256.755
837 244.505
838 258.451
839 263.86
840 261.581
841 255.956
842 247.588
843 253.761
844 250.816
845 257.337
846 241.512
847 239.857
848 257.587
849 244.884
850 237.268
851 258.624
852 251.087
853 254.395
854 251.906
855 244.976
856 256.691
857 253.882
858 246.169
859 232.203
860 240.15
861 245.6
862 249.236
863 237.522
864 243.882
865 239.436
866 250.639
867 249.456
868 240.515
869 247.758
870 245.759
871 249.233
872 236.325
873 237.585
874 249.281
875 231.202
876 236.026
877 242.181
878 253.22
879 244.857
880 234.256
881 254.42
882 256.132
883 252.074
884 247.585
885 249.045
886 247.841
887 246.854
888 249.8
889 241.142
890 248.731
891 240.462
892 249.562
893 249.498
894 241.062
895 230.211
896 241.037
897 244.521
898 252.728
899 224.417
900 236.826
901 233.618
902 249.841
903 254.024
904 225.967
905 236.271
906 247.77
907 255.916
908 238.726
909 243.119
910 251.838
911 240.13
912 240.583
913 239.811
914 248.19
915 240.557
916 238.598
917 235.273
918 231.766
919 234.661
920 237.64
921 224.667
922 248.997
923 229.506
924 236.589
925 224.277
926 252.659
927 238.985
928 234.456
929 244.553
930 239.092
931 240.938
932 227.992
933 232.493
934 249.483
935 238.128
936 240.417
937 232.772
938 235.827
939 235.135
940 242.094
941 234.575
942 230.024
943 225.592
944 217.358
945 225.777
946 243.382
947 225.673
948 217.166
949 240.872
950 233.041
951 228.994
952 233.916
953 237.245
954 227.831
955 227.215
956 217.344
957 223.664
958 218.344
959 229.016
960 203.413
961 217.615
962 226.751
963 204.254
964 207.824
965 224.64
966 222.812
967 214.624
968 211.143
969 218.828
970 217.262
971 212.568
972 227.522
973 223.414
974 213.73
975 224.966
976 220.377
977 210.142
978 218.46
979 211.31
980 209.485
981 214.213
982 222.445
983 217.001
984 212.873
985 198.251
986 223.251
987 220.093
988 218.402
989 220.233
990 214.174
991 225.647
992 216.371
993 218.073
994 207.825
995 200.571
996 212.375
997 222.718
998 209.816
999 195.631